1.5
1.78010127073175
1.88320577391830
1.92053347981994
1.93978660551451
1.95153164817138
1.95944324789131
1.96513468911178
1.96942544141214
1.97277589051972
1.97546459276485
1.97766997116823
1.97951159762741
1.98107260807887
1.98241259815110
1.98357540409026
1.98459398886679
1.98549361654340
1.98629397595608
1.98701063822416
1.98765607967372
1.98824041434826
1.98877192780165
1.98925747243920
1.98970276455081
1.99011261038516
1.99049108029202
1.99084164442865
1.99116727940361
1.99147055302080
1.99175369214425
1.99201863743639
1.99226708795419
1.99250053756023
1.99272030502300
1.99292755892975
1.99312333846179
1.99330857086125
1.99348408606201
1.99365062914620
